 &inputcond
    outdir='./'
    prefixl='d'
    band_file='bands.GaAs'
    ikind=0
    energy0=0.55d0
    denergy=-0.02d0
    ewind=8.d0
    epsproj=1.d-6
    nz1=20
    cutplot = 5.d0
 /
 27
          0.00000        0.00000        1
          0.00000        0.06667        1
          0.00000        0.13333        1
          0.00000        0.20000        1
          0.00000        0.26667        1
          0.00000        0.33333        1
          0.00000        0.40000        1
          0.00000        0.46667        1
          0.06667        0.06667        1
          0.06667        0.13333        1
          0.06667        0.20000        1
          0.06667        0.26667        1
          0.06667        0.33333        1
          0.06667        0.40000        1
          0.06667        0.46667        1
          0.13333        0.13333        1
          0.13333        0.20000        1
          0.13333        0.26667        1
          0.13333        0.33333        1
          0.13333        0.40000        1
          0.20000        0.20000        1
          0.20000        0.26667        1
          0.20000        0.33333        1
          0.20000        0.40000        1
          0.26667        0.26667        1
          0.26667        0.33333        1
          0.33333        0.33333        1
    50
