   27   50
    1
     -0.440000      0.008600      0.010000
     -0.420000      0.008600      0.010000
     -0.400000      0.008600      0.010000
     -0.380000      0.008600      0.010000
     -0.360000      0.008600      0.010000
     -0.340000      0.008600      0.010000
     -0.320000      0.008600      0.010000
     -0.300000      0.008600      0.010000
     -0.280000      0.008600      0.010000
     -0.260000      0.008600      0.010000
     -0.240000      0.008600      0.010000
     -0.220000      0.008600      0.010000
     -0.200000      0.008600      0.010000
     -0.180000      0.008600      0.010000
     -0.160000      0.008600      0.010000
     -0.140000      0.008600      0.010000
     -0.120000      0.008600      0.010000
     -0.100000      0.008600      0.010000
     -0.080000      0.008600      0.010000
     -0.060000      0.008600      0.010000
     -0.040000      0.008600      0.010000
     -0.020000      0.008600      0.010000
      0.000000      0.008600      0.010000
      0.067619      0.008600      0.077500
      0.135238      0.018200      0.124700
      0.202857      0.023700      0.157800
      0.270476      0.027600      0.184500
      0.338095      0.030700      0.207300
      0.405714      0.033100      0.227300
      0.473333      0.034900      0.245400
      0.540952      0.036200      0.261800
      0.608571      0.037200      0.276900
      0.676190      0.037700      0.291000
      0.743810      0.037900      0.304100
      0.811429      0.037700      0.316300
      0.879048      0.037100      0.327900
      0.946667      0.036100      0.338800
      1.014286      0.034600      0.349100
      1.081905      0.032700      0.358900
      1.149524      0.030000      0.368200
      1.217143      0.026600      0.377100
      1.284762      0.022000      0.385600
      1.352381      0.015000      0.393700
      1.420000      0.015000      0.401500
      1.440000      0.015000      0.409000
      1.460000      0.015000      0.416100
      1.480000      0.015000      0.423000
      1.500000      0.015000      0.429500
      1.520000      0.015000      0.435900
      1.540000      0.015000      0.442000
    2
     -0.440000    100.000000   1000.000000
     -0.420000    100.000000   1000.000000
     -0.400000    100.000000   1000.000000
     -0.380000    100.000000   1000.000000
     -0.360000    100.000000   1000.000000
     -0.340000    100.000000   1000.000000
     -0.320000    100.000000   1000.000000
     -0.300000    100.000000   1000.000000
     -0.280000    100.000000   1000.000000
     -0.260000    100.000000   1000.000000
     -0.240000    100.000000   1000.000000
     -0.220000    100.000000   1000.000000
     -0.200000    100.000000   1000.000000
     -0.180000    100.000000   1000.000000
     -0.160000    100.000000   1000.000000
     -0.140000    100.000000   1000.000000
     -0.120000    100.000000   1000.000000
     -0.100000    100.000000   1000.000000
     -0.080000    100.000000   1000.000000
     -0.060000    100.000000   1000.000000
     -0.040000    100.000000   1000.000000
     -0.020000    100.000000   1000.000000
      0.000000    100.000000   1000.000000
      0.067619    100.000000   1000.000000
      0.135238    100.000000   1000.000000
      0.202857    100.000000   1000.000000
      0.270476    100.000000   1000.000000
      0.338095    100.000000   1000.000000
      0.405714    100.000000   1000.000000
      0.473333    100.000000   1000.000000
      0.540952    100.000000   1000.000000
      0.608571    100.000000   1000.000000
      0.676190    100.000000   1000.000000
      0.743810    100.000000   1000.000000
      0.811429    100.000000   1000.000000
      0.879048    100.000000   1000.000000
      0.946667    100.000000   1000.000000
      1.014286    100.000000   1000.000000
      1.081905    100.000000   1000.000000
      1.149524    100.000000   1000.000000
      1.217143    100.000000   1000.000000
      1.284762    100.000000   1000.000000
      1.352381    100.000000   1000.000000
      1.420000    100.000000   1000.000000
      1.440000    100.000000   1000.000000
      1.460000    100.000000   1000.000000
      1.480000    100.000000   1000.000000
      1.500000    100.000000   1000.000000
      1.520000    100.000000   1000.000000
      1.540000    100.000000   1000.000000
    3
     -0.440000    100.000000   1000.000000
     -0.420000    100.000000   1000.000000
     -0.400000    100.000000   1000.000000
     -0.380000    100.000000   1000.000000
     -0.360000    100.000000   1000.000000
     -0.340000    100.000000   1000.000000
     -0.320000    100.000000   1000.000000
     -0.300000    100.000000   1000.000000
     -0.280000    100.000000   1000.000000
     -0.260000    100.000000   1000.000000
     -0.240000    100.000000   1000.000000
     -0.220000    100.000000   1000.000000
     -0.200000    100.000000   1000.000000
     -0.180000    100.000000   1000.000000
     -0.160000    100.000000   1000.000000
     -0.140000    100.000000   1000.000000
     -0.120000    100.000000   1000.000000
     -0.100000    100.000000   1000.000000
     -0.080000    100.000000   1000.000000
     -0.060000    100.000000   1000.000000
     -0.040000    100.000000   1000.000000
     -0.020000    100.000000   1000.000000
      0.000000    100.000000   1000.000000
      0.067619    100.000000   1000.000000
      0.135238    100.000000   1000.000000
      0.202857    100.000000   1000.000000
      0.270476    100.000000   1000.000000
      0.338095    100.000000   1000.000000
      0.405714    100.000000   1000.000000
      0.473333    100.000000   1000.000000
      0.540952    100.000000   1000.000000
      0.608571    100.000000   1000.000000
      0.676190    100.000000   1000.000000
      0.743810    100.000000   1000.000000
      0.811429    100.000000   1000.000000
      0.879048    100.000000   1000.000000
      0.946667    100.000000   1000.000000
      1.014286    100.000000   1000.000000
      1.081905    100.000000   1000.000000
      1.149524    100.000000   1000.000000
      1.217143    100.000000   1000.000000
      1.284762    100.000000   1000.000000
      1.352381    100.000000   1000.000000
      1.420000    100.000000   1000.000000
      1.440000    100.000000   1000.000000
      1.460000    100.000000   1000.000000
      1.480000    100.000000   1000.000000
      1.500000    100.000000   1000.000000
      1.520000    100.000000   1000.000000
      1.540000    100.000000   1000.000000
    4
     -0.440000    100.000000   1000.000000
     -0.420000    100.000000   1000.000000
     -0.400000    100.000000   1000.000000
     -0.380000    100.000000   1000.000000
     -0.360000    100.000000   1000.000000
     -0.340000    100.000000   1000.000000
     -0.320000    100.000000   1000.000000
     -0.300000    100.000000   1000.000000
     -0.280000    100.000000   1000.000000
     -0.260000    100.000000   1000.000000
     -0.240000    100.000000   1000.000000
     -0.220000    100.000000   1000.000000
     -0.200000    100.000000   1000.000000
     -0.180000    100.000000   1000.000000
     -0.160000    100.000000   1000.000000
     -0.140000    100.000000   1000.000000
     -0.120000    100.000000   1000.000000
     -0.100000    100.000000   1000.000000
     -0.080000    100.000000   1000.000000
     -0.060000    100.000000   1000.000000
     -0.040000    100.000000   1000.000000
     -0.020000    100.000000   1000.000000
      0.000000    100.000000   1000.000000
      0.067619    100.000000   1000.000000
      0.135238    100.000000   1000.000000
      0.202857    100.000000   1000.000000
      0.270476    100.000000   1000.000000
      0.338095    100.000000   1000.000000
      0.405714    100.000000   1000.000000
      0.473333    100.000000   1000.000000
      0.540952    100.000000   1000.000000
      0.608571    100.000000   1000.000000
      0.676190    100.000000   1000.000000
      0.743810    100.000000   1000.000000
      0.811429    100.000000   1000.000000
      0.879048    100.000000   1000.000000
      0.946667    100.000000   1000.000000
      1.014286    100.000000   1000.000000
      1.081905    100.000000   1000.000000
      1.149524    100.000000   1000.000000
      1.217143    100.000000   1000.000000
      1.284762    100.000000   1000.000000
      1.352381    100.000000   1000.000000
      1.420000    100.000000   1000.000000
      1.440000    100.000000   1000.000000
      1.460000    100.000000   1000.000000
      1.480000    100.000000   1000.000000
      1.500000    100.000000   1000.000000
      1.520000    100.000000   1000.000000
      1.540000    100.000000   1000.000000
    5
     -0.440000    100.000000   1000.000000
     -0.420000    100.000000   1000.000000
     -0.400000    100.000000   1000.000000
     -0.380000    100.000000   1000.000000
     -0.360000    100.000000   1000.000000
     -0.340000    100.000000   1000.000000
     -0.320000    100.000000   1000.000000
     -0.300000    100.000000   1000.000000
     -0.280000    100.000000   1000.000000
     -0.260000    100.000000   1000.000000
     -0.240000    100.000000   1000.000000
     -0.220000    100.000000   1000.000000
     -0.200000    100.000000   1000.000000
     -0.180000    100.000000   1000.000000
     -0.160000    100.000000   1000.000000
     -0.140000    100.000000   1000.000000
     -0.120000    100.000000   1000.000000
     -0.100000    100.000000   1000.000000
     -0.080000    100.000000   1000.000000
     -0.060000    100.000000   1000.000000
     -0.040000    100.000000   1000.000000
     -0.020000    100.000000   1000.000000
      0.000000    100.000000   1000.000000
      0.067619    100.000000   1000.000000
      0.135238    100.000000   1000.000000
      0.202857    100.000000   1000.000000
      0.270476    100.000000   1000.000000
      0.338095    100.000000   1000.000000
      0.405714    100.000000   1000.000000
      0.473333    100.000000   1000.000000
      0.540952    100.000000   1000.000000
      0.608571    100.000000   1000.000000
      0.676190    100.000000   1000.000000
      0.743810    100.000000   1000.000000
      0.811429    100.000000   1000.000000
      0.879048    100.000000   1000.000000
      0.946667    100.000000   1000.000000
      1.014286    100.000000   1000.000000
      1.081905    100.000000   1000.000000
      1.149524    100.000000   1000.000000
      1.217143    100.000000   1000.000000
      1.284762    100.000000   1000.000000
      1.352381    100.000000   1000.000000
      1.420000    100.000000   1000.000000
      1.440000    100.000000   1000.000000
      1.460000    100.000000   1000.000000
      1.480000    100.000000   1000.000000
      1.500000    100.000000   1000.000000
      1.520000    100.000000   1000.000000
      1.540000    100.000000   1000.000000
    6
     -0.440000    100.000000   1000.000000
     -0.420000    100.000000   1000.000000
     -0.400000    100.000000   1000.000000
     -0.380000    100.000000   1000.000000
     -0.360000    100.000000   1000.000000
     -0.340000    100.000000   1000.000000
     -0.320000    100.000000   1000.000000
     -0.300000    100.000000   1000.000000
     -0.280000    100.000000   1000.000000
     -0.260000    100.000000   1000.000000
     -0.240000    100.000000   1000.000000
     -0.220000    100.000000   1000.000000
     -0.200000    100.000000   1000.000000
     -0.180000    100.000000   1000.000000
     -0.160000    100.000000   1000.000000
     -0.140000    100.000000   1000.000000
     -0.120000    100.000000   1000.000000
     -0.100000    100.000000   1000.000000
     -0.080000    100.000000   1000.000000
     -0.060000    100.000000   1000.000000
     -0.040000    100.000000   1000.000000
     -0.020000    100.000000   1000.000000
      0.000000    100.000000   1000.000000
      0.067619    100.000000   1000.000000
      0.135238    100.000000   1000.000000
      0.202857    100.000000   1000.000000
      0.270476    100.000000   1000.000000
      0.338095    100.000000   1000.000000
      0.405714    100.000000   1000.000000
      0.473333    100.000000   1000.000000
      0.540952    100.000000   1000.000000
      0.608571    100.000000   1000.000000
      0.676190    100.000000   1000.000000
      0.743810    100.000000   1000.000000
      0.811429    100.000000   1000.000000
      0.879048    100.000000   1000.000000
      0.946667    100.000000   1000.000000
      1.014286    100.000000   1000.000000
      1.081905    100.000000   1000.000000
      1.149524    100.000000   1000.000000
      1.217143    100.000000   1000.000000
      1.284762    100.000000   1000.000000
      1.352381    100.000000   1000.000000
      1.420000    100.000000   1000.000000
      1.440000    100.000000   1000.000000
      1.460000    100.000000   1000.000000
      1.480000    100.000000   1000.000000
      1.500000    100.000000   1000.000000
      1.520000    100.000000   1000.000000
      1.540000    100.000000   1000.000000
    7
     -0.440000    100.000000   1000.000000
     -0.420000    100.000000   1000.000000
     -0.400000    100.000000   1000.000000
     -0.380000    100.000000   1000.000000
     -0.360000    100.000000   1000.000000
     -0.340000    100.000000   1000.000000
     -0.320000    100.000000   1000.000000
     -0.300000    100.000000   1000.000000
     -0.280000    100.000000   1000.000000
     -0.260000    100.000000   1000.000000
     -0.240000    100.000000   1000.000000
     -0.220000    100.000000   1000.000000
     -0.200000    100.000000   1000.000000
     -0.180000    100.000000   1000.000000
     -0.160000    100.000000   1000.000000
     -0.140000    100.000000   1000.000000
     -0.120000    100.000000   1000.000000
     -0.100000    100.000000   1000.000000
     -0.080000    100.000000   1000.000000
     -0.060000    100.000000   1000.000000
     -0.040000    100.000000   1000.000000
     -0.020000    100.000000   1000.000000
      0.000000    100.000000   1000.000000
      0.067619    100.000000   1000.000000
      0.135238    100.000000   1000.000000
      0.202857    100.000000   1000.000000
      0.270476    100.000000   1000.000000
      0.338095    100.000000   1000.000000
      0.405714    100.000000   1000.000000
      0.473333    100.000000   1000.000000
      0.540952    100.000000   1000.000000
      0.608571    100.000000   1000.000000
      0.676190    100.000000   1000.000000
      0.743810    100.000000   1000.000000
      0.811429    100.000000   1000.000000
      0.879048    100.000000   1000.000000
      0.946667    100.000000   1000.000000
      1.014286    100.000000   1000.000000
      1.081905    100.000000   1000.000000
      1.149524    100.000000   1000.000000
      1.217143    100.000000   1000.000000
      1.284762    100.000000   1000.000000
      1.352381    100.000000   1000.000000
      1.420000    100.000000   1000.000000
      1.440000    100.000000   1000.000000
      1.460000    100.000000   1000.000000
      1.480000    100.000000   1000.000000
      1.500000    100.000000   1000.000000
      1.520000    100.000000   1000.000000
      1.540000    100.000000   1000.000000
    8
     -0.440000    100.000000   1000.000000
     -0.420000    100.000000   1000.000000
     -0.400000    100.000000   1000.000000
     -0.380000    100.000000   1000.000000
     -0.360000    100.000000   1000.000000
     -0.340000    100.000000   1000.000000
     -0.320000    100.000000   1000.000000
     -0.300000    100.000000   1000.000000
     -0.280000    100.000000   1000.000000
     -0.260000    100.000000   1000.000000
     -0.240000    100.000000   1000.000000
     -0.220000    100.000000   1000.000000
     -0.200000    100.000000   1000.000000
     -0.180000    100.000000   1000.000000
     -0.160000    100.000000   1000.000000
     -0.140000    100.000000   1000.000000
     -0.120000    100.000000   1000.000000
     -0.100000    100.000000   1000.000000
     -0.080000    100.000000   1000.000000
     -0.060000    100.000000   1000.000000
     -0.040000    100.000000   1000.000000
     -0.020000    100.000000   1000.000000
      0.000000    100.000000   1000.000000
      0.067619    100.000000   1000.000000
      0.135238    100.000000   1000.000000
      0.202857    100.000000   1000.000000
      0.270476    100.000000   1000.000000
      0.338095    100.000000   1000.000000
      0.405714    100.000000   1000.000000
      0.473333    100.000000   1000.000000
      0.540952    100.000000   1000.000000
      0.608571    100.000000   1000.000000
      0.676190    100.000000   1000.000000
      0.743810    100.000000   1000.000000
      0.811429    100.000000   1000.000000
      0.879048    100.000000   1000.000000
      0.946667    100.000000   1000.000000
      1.014286    100.000000   1000.000000
      1.081905    100.000000   1000.000000
      1.149524    100.000000   1000.000000
      1.217143    100.000000   1000.000000
      1.284762    100.000000   1000.000000
      1.352381    100.000000   1000.000000
      1.420000    100.000000   1000.000000
      1.440000    100.000000   1000.000000
      1.460000    100.000000   1000.000000
      1.480000    100.000000   1000.000000
      1.500000    100.000000   1000.000000
      1.520000    100.000000   1000.000000
      1.540000    100.000000   1000.000000
    9
     -0.440000      0.023000   1000.000000
     -0.420000      0.023000   1000.000000
     -0.400000      0.023000   1000.000000
     -0.380000      0.023000   1000.000000
     -0.360000      0.023000   1000.000000
     -0.340000      0.023000   1000.000000
     -0.320000      0.023000   1000.000000
     -0.300000      0.023000   1000.000000
     -0.280000      0.023000   1000.000000
     -0.260000      0.023000   1000.000000
     -0.240000      0.023000   1000.000000
     -0.220000      0.023000   1000.000000
     -0.200000      0.023000   1000.000000
     -0.180000      0.023000   1000.000000
     -0.160000      0.023000   1000.000000
     -0.140000      0.023000   1000.000000
     -0.120000      0.023000   1000.000000
     -0.100000      0.023000   1000.000000
     -0.080000      0.023000   1000.000000
     -0.060000      0.023000   1000.000000
     -0.040000      0.048000   1000.000000
     -0.020000      0.063500   1000.000000
      0.000000      0.075500   1000.000000
      0.067619      0.085600   1000.000000
      0.135238      0.094400   1000.000000
      0.202857      0.102100   1000.000000
      0.270476      0.109200   1000.000000
      0.338095      0.115600   1000.000000
      0.405714      0.121500   1000.000000
      0.473333      0.126900   1000.000000
      0.540952      0.131900   1000.000000
      0.608571      0.136700   1000.000000
      0.676190      0.141000   1000.000000
      0.743810      0.145200   1000.000000
      0.811429      0.149000   1000.000000
      0.879048      0.152700   1000.000000
      0.946667      0.156100   1000.000000
      1.014286      0.159300   1000.000000
      1.081905      0.162300   1000.000000
      1.149524      0.165200   1000.000000
      1.217143      0.167900   1000.000000
      1.284762      0.170400   1000.000000
      1.352381      0.172800   1000.000000
      1.420000      0.175000   1000.000000
      1.440000      0.177100   1000.000000
      1.460000      0.179100   1000.000000
      1.480000      0.180900   1000.000000
      1.500000      0.182600   1000.000000
      1.520000      0.184200   1000.000000
      1.540000      0.185700   1000.000000
   10
     -0.440000    100.000000   1000.000000
     -0.420000    100.000000   1000.000000
     -0.400000    100.000000   1000.000000
     -0.380000    100.000000   1000.000000
     -0.360000    100.000000   1000.000000
     -0.340000    100.000000   1000.000000
     -0.320000    100.000000   1000.000000
     -0.300000    100.000000   1000.000000
     -0.280000    100.000000   1000.000000
     -0.260000    100.000000   1000.000000
     -0.240000    100.000000   1000.000000
     -0.220000    100.000000   1000.000000
     -0.200000    100.000000   1000.000000
     -0.180000    100.000000   1000.000000
     -0.160000    100.000000   1000.000000
     -0.140000    100.000000   1000.000000
     -0.120000    100.000000   1000.000000
     -0.100000    100.000000   1000.000000
     -0.080000    100.000000   1000.000000
     -0.060000    100.000000   1000.000000
     -0.040000    100.000000   1000.000000
     -0.020000    100.000000   1000.000000
      0.000000    100.000000   1000.000000
      0.067619    100.000000   1000.000000
      0.135238    100.000000   1000.000000
      0.202857    100.000000   1000.000000
      0.270476    100.000000   1000.000000
      0.338095    100.000000   1000.000000
      0.405714    100.000000   1000.000000
      0.473333    100.000000   1000.000000
      0.540952    100.000000   1000.000000
      0.608571    100.000000   1000.000000
      0.676190    100.000000   1000.000000
      0.743810    100.000000   1000.000000
      0.811429    100.000000   1000.000000
      0.879048    100.000000   1000.000000
      0.946667    100.000000   1000.000000
      1.014286    100.000000   1000.000000
      1.081905    100.000000   1000.000000
      1.149524    100.000000   1000.000000
      1.217143    100.000000   1000.000000
      1.284762    100.000000   1000.000000
      1.352381    100.000000   1000.000000
      1.420000    100.000000   1000.000000
      1.440000    100.000000   1000.000000
      1.460000    100.000000   1000.000000
      1.480000    100.000000   1000.000000
      1.500000    100.000000   1000.000000
      1.520000    100.000000   1000.000000
      1.540000    100.000000   1000.000000
   11
     -0.440000    100.000000   1000.000000
     -0.420000    100.000000   1000.000000
     -0.400000    100.000000   1000.000000
     -0.380000    100.000000   1000.000000
     -0.360000    100.000000   1000.000000
     -0.340000    100.000000   1000.000000
     -0.320000    100.000000   1000.000000
     -0.300000    100.000000   1000.000000
     -0.280000    100.000000   1000.000000
     -0.260000    100.000000   1000.000000
     -0.240000    100.000000   1000.000000
     -0.220000    100.000000   1000.000000
     -0.200000    100.000000   1000.000000
     -0.180000    100.000000   1000.000000
     -0.160000    100.000000   1000.000000
     -0.140000    100.000000   1000.000000
     -0.120000    100.000000   1000.000000
     -0.100000    100.000000   1000.000000
     -0.080000    100.000000   1000.000000
     -0.060000    100.000000   1000.000000
     -0.040000    100.000000   1000.000000
     -0.020000    100.000000   1000.000000
      0.000000    100.000000   1000.000000
      0.067619    100.000000   1000.000000
      0.135238    100.000000   1000.000000
      0.202857    100.000000   1000.000000
      0.270476    100.000000   1000.000000
      0.338095    100.000000   1000.000000
      0.405714    100.000000   1000.000000
      0.473333    100.000000   1000.000000
      0.540952    100.000000   1000.000000
      0.608571    100.000000   1000.000000
      0.676190    100.000000   1000.000000
      0.743810    100.000000   1000.000000
      0.811429    100.000000   1000.000000
      0.879048    100.000000   1000.000000
      0.946667    100.000000   1000.000000
      1.014286    100.000000   1000.000000
      1.081905    100.000000   1000.000000
      1.149524    100.000000   1000.000000
      1.217143    100.000000   1000.000000
      1.284762    100.000000   1000.000000
      1.352381    100.000000   1000.000000
      1.420000    100.000000   1000.000000
      1.440000    100.000000   1000.000000
      1.460000    100.000000   1000.000000
      1.480000    100.000000   1000.000000
      1.500000    100.000000   1000.000000
      1.520000    100.000000   1000.000000
      1.540000    100.000000   1000.000000
   12
     -0.440000    100.000000   1000.000000
     -0.420000    100.000000   1000.000000
     -0.400000    100.000000   1000.000000
     -0.380000    100.000000   1000.000000
     -0.360000    100.000000   1000.000000
     -0.340000    100.000000   1000.000000
     -0.320000    100.000000   1000.000000
     -0.300000    100.000000   1000.000000
     -0.280000    100.000000   1000.000000
     -0.260000    100.000000   1000.000000
     -0.240000    100.000000   1000.000000
     -0.220000    100.000000   1000.000000
     -0.200000    100.000000   1000.000000
     -0.180000    100.000000   1000.000000
     -0.160000    100.000000   1000.000000
     -0.140000    100.000000   1000.000000
     -0.120000    100.000000   1000.000000
     -0.100000    100.000000   1000.000000
     -0.080000    100.000000   1000.000000
     -0.060000    100.000000   1000.000000
     -0.040000    100.000000   1000.000000
     -0.020000    100.000000   1000.000000
      0.000000    100.000000   1000.000000
      0.067619    100.000000   1000.000000
      0.135238    100.000000   1000.000000
      0.202857    100.000000   1000.000000
      0.270476    100.000000   1000.000000
      0.338095    100.000000   1000.000000
      0.405714    100.000000   1000.000000
      0.473333    100.000000   1000.000000
      0.540952    100.000000   1000.000000
      0.608571    100.000000   1000.000000
      0.676190    100.000000   1000.000000
      0.743810    100.000000   1000.000000
      0.811429    100.000000   1000.000000
      0.879048    100.000000   1000.000000
      0.946667    100.000000   1000.000000
      1.014286    100.000000   1000.000000
      1.081905    100.000000   1000.000000
      1.149524    100.000000   1000.000000
      1.217143    100.000000   1000.000000
      1.284762    100.000000   1000.000000
      1.352381    100.000000   1000.000000
      1.420000    100.000000   1000.000000
      1.440000    100.000000   1000.000000
      1.460000    100.000000   1000.000000
      1.480000    100.000000   1000.000000
      1.500000    100.000000   1000.000000
      1.520000    100.000000   1000.000000
      1.540000    100.000000   1000.000000
   13
     -0.440000    100.000000   1000.000000
     -0.420000    100.000000   1000.000000
     -0.400000    100.000000   1000.000000
     -0.380000    100.000000   1000.000000
     -0.360000    100.000000   1000.000000
     -0.340000    100.000000   1000.000000
     -0.320000    100.000000   1000.000000
     -0.300000    100.000000   1000.000000
     -0.280000    100.000000   1000.000000
     -0.260000    100.000000   1000.000000
     -0.240000    100.000000   1000.000000
     -0.220000    100.000000   1000.000000
     -0.200000    100.000000   1000.000000
     -0.180000    100.000000   1000.000000
     -0.160000    100.000000   1000.000000
     -0.140000    100.000000   1000.000000
     -0.120000    100.000000   1000.000000
     -0.100000    100.000000   1000.000000
     -0.080000    100.000000   1000.000000
     -0.060000    100.000000   1000.000000
     -0.040000    100.000000   1000.000000
     -0.020000    100.000000   1000.000000
      0.000000    100.000000   1000.000000
      0.067619    100.000000   1000.000000
      0.135238    100.000000   1000.000000
      0.202857    100.000000   1000.000000
      0.270476    100.000000   1000.000000
      0.338095    100.000000   1000.000000
      0.405714    100.000000   1000.000000
      0.473333    100.000000   1000.000000
      0.540952    100.000000   1000.000000
      0.608571    100.000000   1000.000000
      0.676190    100.000000   1000.000000
      0.743810    100.000000   1000.000000
      0.811429    100.000000   1000.000000
      0.879048    100.000000   1000.000000
      0.946667    100.000000   1000.000000
      1.014286    100.000000   1000.000000
      1.081905    100.000000   1000.000000
      1.149524    100.000000   1000.000000
      1.217143    100.000000   1000.000000
      1.284762    100.000000   1000.000000
      1.352381    100.000000   1000.000000
      1.420000    100.000000   1000.000000
      1.440000    100.000000   1000.000000
      1.460000    100.000000   1000.000000
      1.480000    100.000000   1000.000000
      1.500000    100.000000   1000.000000
      1.520000    100.000000   1000.000000
      1.540000    100.000000   1000.000000
   14
     -0.440000    100.000000   1000.000000
     -0.420000    100.000000   1000.000000
     -0.400000    100.000000   1000.000000
     -0.380000    100.000000   1000.000000
     -0.360000    100.000000   1000.000000
     -0.340000    100.000000   1000.000000
     -0.320000    100.000000   1000.000000
     -0.300000    100.000000   1000.000000
     -0.280000    100.000000   1000.000000
     -0.260000    100.000000   1000.000000
     -0.240000    100.000000   1000.000000
     -0.220000    100.000000   1000.000000
     -0.200000    100.000000   1000.000000
     -0.180000    100.000000   1000.000000
     -0.160000    100.000000   1000.000000
     -0.140000    100.000000   1000.000000
     -0.120000    100.000000   1000.000000
     -0.100000    100.000000   1000.000000
     -0.080000    100.000000   1000.000000
     -0.060000    100.000000   1000.000000
     -0.040000    100.000000   1000.000000
     -0.020000    100.000000   1000.000000
      0.000000    100.000000   1000.000000
      0.067619    100.000000   1000.000000
      0.135238    100.000000   1000.000000
      0.202857    100.000000   1000.000000
      0.270476    100.000000   1000.000000
      0.338095    100.000000   1000.000000
      0.405714    100.000000   1000.000000
      0.473333    100.000000   1000.000000
      0.540952    100.000000   1000.000000
      0.608571    100.000000   1000.000000
      0.676190    100.000000   1000.000000
      0.743810    100.000000   1000.000000
      0.811429    100.000000   1000.000000
      0.879048    100.000000   1000.000000
      0.946667    100.000000   1000.000000
      1.014286    100.000000   1000.000000
      1.081905    100.000000   1000.000000
      1.149524    100.000000   1000.000000
      1.217143    100.000000   1000.000000
      1.284762    100.000000   1000.000000
      1.352381    100.000000   1000.000000
      1.420000    100.000000   1000.000000
      1.440000    100.000000   1000.000000
      1.460000    100.000000   1000.000000
      1.480000    100.000000   1000.000000
      1.500000    100.000000   1000.000000
      1.520000    100.000000   1000.000000
      1.540000    100.000000   1000.000000
   15
     -0.440000      0.396800   1000.000000
     -0.420000      0.396200   1000.000000
     -0.400000      0.395600   1000.000000
     -0.380000      0.395000   1000.000000
     -0.360000      0.394300   1000.000000
     -0.340000      0.393600   1000.000000
     -0.320000      0.392800   1000.000000
     -0.300000      0.392100   1000.000000
     -0.280000      0.391300   1000.000000
     -0.260000      0.390500   1000.000000
     -0.240000      0.389600   1000.000000
     -0.220000      0.388700   1000.000000
     -0.200000      0.387800   1000.000000
     -0.180000      0.386900   1000.000000
     -0.160000      0.385900   1000.000000
     -0.140000      0.384900   1000.000000
     -0.120000      0.383900   1000.000000
     -0.100000      0.382800   1000.000000
     -0.080000      0.381800   1000.000000
     -0.060000      0.380700   1000.000000
     -0.040000      0.379500   1000.000000
     -0.020000      0.378300   1000.000000
      0.000000      0.377100   1000.000000
      0.067619      0.375900   1000.000000
      0.135238      0.374700   1000.000000
      0.202857      0.373400   1000.000000
      0.270476      0.372100   1000.000000
      0.338095      0.370700   1000.000000
      0.405714      0.369300   1000.000000
      0.473333      0.367900   1000.000000
      0.540952      0.366500   1000.000000
      0.608571      0.365000   1000.000000
      0.676190      0.363500   1000.000000
      0.743810      0.362000   1000.000000
      0.811429      0.360400   1000.000000
      0.879048      0.358800   1000.000000
      0.946667      0.357200   1000.000000
      1.014286      0.355500   1000.000000
      1.081905      0.353800   1000.000000
      1.149524      0.352100   1000.000000
      1.217143      0.350300   1000.000000
      1.284762      0.348500   1000.000000
      1.352381      0.346600   1000.000000
      1.420000      0.344800   1000.000000
      1.440000      0.342900   1000.000000
      1.460000      0.340900   1000.000000
      1.480000      0.338900   1000.000000
      1.500000      0.336900   1000.000000
      1.520000      0.334800   1000.000000
      1.540000      0.332700   1000.000000
   16
     -0.440000      0.037800   1000.000000
     -0.420000      0.037800   1000.000000
     -0.400000      0.037800   1000.000000
     -0.380000      0.037800   1000.000000
     -0.360000      0.037800   1000.000000
     -0.340000      0.037800   1000.000000
     -0.320000      0.037800   1000.000000
     -0.300000      0.061500   1000.000000
     -0.280000      0.078100   1000.000000
     -0.260000      0.091600   1000.000000
     -0.240000      0.103200   1000.000000
     -0.220000      0.113500   1000.000000
     -0.200000      0.122800   1000.000000
     -0.180000      0.131300   1000.000000
     -0.160000      0.139200   1000.000000
     -0.140000      0.146500   1000.000000
     -0.120000      0.153400   1000.000000
     -0.100000      0.159900   1000.000000
     -0.080000      0.166100   1000.000000
     -0.060000      0.171900   1000.000000
     -0.040000      0.177500   1000.000000
     -0.020000      0.182800   1000.000000
      0.000000      0.187900   1000.000000
      0.067619      0.192800   1000.000000
      0.135238      0.197400   1000.000000
      0.202857      0.201900   1000.000000
      0.270476      0.206200   1000.000000
      0.338095      0.210400   1000.000000
      0.405714      0.214400   1000.000000
      0.473333      0.218200   1000.000000
      0.540952      0.222000   1000.000000
      0.608571      0.225600   1000.000000
      0.676190      0.229000   1000.000000
      0.743810      0.232400   1000.000000
      0.811429      0.235600   1000.000000
      0.879048      0.238800   1000.000000
      0.946667      0.241800   1000.000000
      1.014286      0.244700   1000.000000
      1.081905      0.247600   1000.000000
      1.149524      0.250300   1000.000000
      1.217143      0.253000   1000.000000
      1.284762      0.255500   1000.000000
      1.352381      0.258000   1000.000000
      1.420000      0.260400   1000.000000
      1.440000      0.262700   1000.000000
      1.460000      0.265000   1000.000000
      1.480000      0.267200   1000.000000
      1.500000      0.269300   1000.000000
      1.520000      0.271300   1000.000000
      1.540000      0.273200   1000.000000
   17
     -0.440000    100.000000   1000.000000
     -0.420000    100.000000   1000.000000
     -0.400000    100.000000   1000.000000
     -0.380000    100.000000   1000.000000
     -0.360000    100.000000   1000.000000
     -0.340000    100.000000   1000.000000
     -0.320000    100.000000   1000.000000
     -0.300000    100.000000   1000.000000
     -0.280000    100.000000   1000.000000
     -0.260000    100.000000   1000.000000
     -0.240000    100.000000   1000.000000
     -0.220000    100.000000   1000.000000
     -0.200000    100.000000   1000.000000
     -0.180000    100.000000   1000.000000
     -0.160000    100.000000   1000.000000
     -0.140000    100.000000   1000.000000
     -0.120000    100.000000   1000.000000
     -0.100000    100.000000   1000.000000
     -0.080000    100.000000   1000.000000
     -0.060000    100.000000   1000.000000
     -0.040000    100.000000   1000.000000
     -0.020000    100.000000   1000.000000
      0.000000    100.000000   1000.000000
      0.067619    100.000000   1000.000000
      0.135238    100.000000   1000.000000
      0.202857    100.000000   1000.000000
      0.270476    100.000000   1000.000000
      0.338095    100.000000   1000.000000
      0.405714    100.000000   1000.000000
      0.473333    100.000000   1000.000000
      0.540952    100.000000   1000.000000
      0.608571    100.000000   1000.000000
      0.676190    100.000000   1000.000000
      0.743810    100.000000   1000.000000
      0.811429    100.000000   1000.000000
      0.879048    100.000000   1000.000000
      0.946667    100.000000   1000.000000
      1.014286    100.000000   1000.000000
      1.081905    100.000000   1000.000000
      1.149524    100.000000   1000.000000
      1.217143    100.000000   1000.000000
      1.284762    100.000000   1000.000000
      1.352381    100.000000   1000.000000
      1.420000    100.000000   1000.000000
      1.440000    100.000000   1000.000000
      1.460000    100.000000   1000.000000
      1.480000    100.000000   1000.000000
      1.500000    100.000000   1000.000000
      1.520000    100.000000   1000.000000
      1.540000    100.000000   1000.000000
   18
     -0.440000    100.000000   1000.000000
     -0.420000    100.000000   1000.000000
     -0.400000    100.000000   1000.000000
     -0.380000    100.000000   1000.000000
     -0.360000    100.000000   1000.000000
     -0.340000    100.000000   1000.000000
     -0.320000    100.000000   1000.000000
     -0.300000    100.000000   1000.000000
     -0.280000    100.000000   1000.000000
     -0.260000    100.000000   1000.000000
     -0.240000    100.000000   1000.000000
     -0.220000    100.000000   1000.000000
     -0.200000    100.000000   1000.000000
     -0.180000    100.000000   1000.000000
     -0.160000    100.000000   1000.000000
     -0.140000    100.000000   1000.000000
     -0.120000    100.000000   1000.000000
     -0.100000    100.000000   1000.000000
     -0.080000    100.000000   1000.000000
     -0.060000    100.000000   1000.000000
     -0.040000    100.000000   1000.000000
     -0.020000    100.000000   1000.000000
      0.000000    100.000000   1000.000000
      0.067619    100.000000   1000.000000
      0.135238    100.000000   1000.000000
      0.202857    100.000000   1000.000000
      0.270476    100.000000   1000.000000
      0.338095    100.000000   1000.000000
      0.405714    100.000000   1000.000000
      0.473333    100.000000   1000.000000
      0.540952    100.000000   1000.000000
      0.608571    100.000000   1000.000000
      0.676190    100.000000   1000.000000
      0.743810    100.000000   1000.000000
      0.811429    100.000000   1000.000000
      0.879048    100.000000   1000.000000
      0.946667    100.000000   1000.000000
      1.014286    100.000000   1000.000000
      1.081905    100.000000   1000.000000
      1.149524    100.000000   1000.000000
      1.217143    100.000000   1000.000000
      1.284762    100.000000   1000.000000
      1.352381    100.000000   1000.000000
      1.420000    100.000000   1000.000000
      1.440000    100.000000   1000.000000
      1.460000    100.000000   1000.000000
      1.480000    100.000000   1000.000000
      1.500000    100.000000   1000.000000
      1.520000    100.000000   1000.000000
      1.540000    100.000000   1000.000000
   19
     -0.440000    100.000000   1000.000000
     -0.420000    100.000000   1000.000000
     -0.400000    100.000000   1000.000000
     -0.380000    100.000000   1000.000000
     -0.360000    100.000000   1000.000000
     -0.340000    100.000000   1000.000000
     -0.320000    100.000000   1000.000000
     -0.300000    100.000000   1000.000000
     -0.280000    100.000000   1000.000000
     -0.260000    100.000000   1000.000000
     -0.240000    100.000000   1000.000000
     -0.220000    100.000000   1000.000000
     -0.200000    100.000000   1000.000000
     -0.180000    100.000000   1000.000000
     -0.160000    100.000000   1000.000000
     -0.140000    100.000000   1000.000000
     -0.120000    100.000000   1000.000000
     -0.100000    100.000000   1000.000000
     -0.080000    100.000000   1000.000000
     -0.060000    100.000000   1000.000000
     -0.040000    100.000000   1000.000000
     -0.020000    100.000000   1000.000000
      0.000000    100.000000   1000.000000
      0.067619    100.000000   1000.000000
      0.135238    100.000000   1000.000000
      0.202857    100.000000   1000.000000
      0.270476    100.000000   1000.000000
      0.338095    100.000000   1000.000000
      0.405714    100.000000   1000.000000
      0.473333    100.000000   1000.000000
      0.540952    100.000000   1000.000000
      0.608571    100.000000   1000.000000
      0.676190    100.000000   1000.000000
      0.743810    100.000000   1000.000000
      0.811429    100.000000   1000.000000
      0.879048    100.000000   1000.000000
      0.946667    100.000000   1000.000000
      1.014286    100.000000   1000.000000
      1.081905    100.000000   1000.000000
      1.149524    100.000000   1000.000000
      1.217143    100.000000   1000.000000
      1.284762    100.000000   1000.000000
      1.352381    100.000000   1000.000000
      1.420000    100.000000   1000.000000
      1.440000    100.000000   1000.000000
      1.460000    100.000000   1000.000000
      1.480000    100.000000   1000.000000
      1.500000    100.000000   1000.000000
      1.520000    100.000000   1000.000000
      1.540000    100.000000   1000.000000
   20
     -0.440000    100.000000   1000.000000
     -0.420000    100.000000   1000.000000
     -0.400000    100.000000   1000.000000
     -0.380000    100.000000   1000.000000
     -0.360000    100.000000   1000.000000
     -0.340000    100.000000   1000.000000
     -0.320000    100.000000   1000.000000
     -0.300000    100.000000   1000.000000
     -0.280000    100.000000   1000.000000
     -0.260000    100.000000   1000.000000
     -0.240000    100.000000   1000.000000
     -0.220000    100.000000   1000.000000
     -0.200000    100.000000   1000.000000
     -0.180000    100.000000   1000.000000
     -0.160000    100.000000   1000.000000
     -0.140000    100.000000   1000.000000
     -0.120000    100.000000   1000.000000
     -0.100000    100.000000   1000.000000
     -0.080000    100.000000   1000.000000
     -0.060000    100.000000   1000.000000
     -0.040000    100.000000   1000.000000
     -0.020000    100.000000   1000.000000
      0.000000    100.000000   1000.000000
      0.067619    100.000000   1000.000000
      0.135238    100.000000   1000.000000
      0.202857    100.000000   1000.000000
      0.270476    100.000000   1000.000000
      0.338095    100.000000   1000.000000
      0.405714    100.000000   1000.000000
      0.473333    100.000000   1000.000000
      0.540952    100.000000   1000.000000
      0.608571    100.000000   1000.000000
      0.676190    100.000000   1000.000000
      0.743810    100.000000   1000.000000
      0.811429    100.000000   1000.000000
      0.879048    100.000000   1000.000000
      0.946667    100.000000   1000.000000
      1.014286    100.000000   1000.000000
      1.081905    100.000000   1000.000000
      1.149524    100.000000   1000.000000
      1.217143    100.000000   1000.000000
      1.284762    100.000000   1000.000000
      1.352381    100.000000   1000.000000
      1.420000    100.000000   1000.000000
      1.440000    100.000000   1000.000000
      1.460000    100.000000   1000.000000
      1.480000    100.000000   1000.000000
      1.500000    100.000000   1000.000000
      1.520000    100.000000   1000.000000
      1.540000    100.000000   1000.000000
   21
     -0.440000      0.227900   1000.000000
     -0.420000      0.233000   1000.000000
     -0.400000      0.238000   1000.000000
     -0.380000      0.242700   1000.000000
     -0.360000      0.247300   1000.000000
     -0.340000      0.251700   1000.000000
     -0.320000      0.256000   1000.000000
     -0.300000      0.260100   1000.000000
     -0.280000      0.264100   1000.000000
     -0.260000      0.268000   1000.000000
     -0.240000      0.271700   1000.000000
     -0.220000      0.275300   1000.000000
     -0.200000      0.278800   1000.000000
     -0.180000      0.282200   1000.000000
     -0.160000      0.285500   1000.000000
     -0.140000      0.288700   1000.000000
     -0.120000      0.291800   1000.000000
     -0.100000      0.294700   1000.000000
     -0.080000      0.297600   1000.000000
     -0.060000      0.300500   1000.000000
     -0.040000      0.303200   1000.000000
     -0.020000      0.305800   1000.000000
      0.000000      0.308400   1000.000000
      0.067619      0.310900   1000.000000
      0.135238      0.313300   1000.000000
      0.202857      0.315600   1000.000000
      0.270476      0.317900   1000.000000
      0.338095      0.320100   1000.000000
      0.405714      0.322200   1000.000000
      0.473333      0.324300   1000.000000
      0.540952      0.326300   1000.000000
      0.608571      0.328200   1000.000000
      0.676190      0.330100   1000.000000
      0.743810      0.331900   1000.000000
      0.811429      0.333700   1000.000000
      0.879048      0.335400   1000.000000
      0.946667      0.337000   1000.000000
      1.014286      0.338600   1000.000000
      1.081905      0.340100   1000.000000
      1.149524      0.341600   1000.000000
      1.217143      0.343000   1000.000000
      1.284762      0.344400   1000.000000
      1.352381      0.345700   1000.000000
      1.420000      0.347000   1000.000000
      1.440000      0.348200   1000.000000
      1.460000      0.349400   1000.000000
      1.480000      0.350500   1000.000000
      1.500000      0.351600   1000.000000
      1.520000      0.352600   1000.000000
      1.540000      0.353600   1000.000000
   22
     -0.440000    100.000000   1000.000000
     -0.420000    100.000000   1000.000000
     -0.400000    100.000000   1000.000000
     -0.380000    100.000000   1000.000000
     -0.360000    100.000000   1000.000000
     -0.340000    100.000000   1000.000000
     -0.320000    100.000000   1000.000000
     -0.300000    100.000000   1000.000000
     -0.280000    100.000000   1000.000000
     -0.260000    100.000000   1000.000000
     -0.240000    100.000000   1000.000000
     -0.220000    100.000000   1000.000000
     -0.200000    100.000000   1000.000000
     -0.180000    100.000000   1000.000000
     -0.160000    100.000000   1000.000000
     -0.140000    100.000000   1000.000000
     -0.120000    100.000000   1000.000000
     -0.100000    100.000000   1000.000000
     -0.080000    100.000000   1000.000000
     -0.060000    100.000000   1000.000000
     -0.040000    100.000000   1000.000000
     -0.020000    100.000000   1000.000000
      0.000000    100.000000   1000.000000
      0.067619    100.000000   1000.000000
      0.135238    100.000000   1000.000000
      0.202857    100.000000   1000.000000
      0.270476    100.000000   1000.000000
      0.338095    100.000000   1000.000000
      0.405714    100.000000   1000.000000
      0.473333    100.000000   1000.000000
      0.540952    100.000000   1000.000000
      0.608571    100.000000   1000.000000
      0.676190    100.000000   1000.000000
      0.743810    100.000000   1000.000000
      0.811429    100.000000   1000.000000
      0.879048    100.000000   1000.000000
      0.946667    100.000000   1000.000000
      1.014286    100.000000   1000.000000
      1.081905    100.000000   1000.000000
      1.149524    100.000000   1000.000000
      1.217143    100.000000   1000.000000
      1.284762    100.000000   1000.000000
      1.352381    100.000000   1000.000000
      1.420000    100.000000   1000.000000
      1.440000    100.000000   1000.000000
      1.460000    100.000000   1000.000000
      1.480000    100.000000   1000.000000
      1.500000    100.000000   1000.000000
      1.520000    100.000000   1000.000000
      1.540000    100.000000   1000.000000
   23
     -0.440000    100.000000   1000.000000
     -0.420000    100.000000   1000.000000
     -0.400000    100.000000   1000.000000
     -0.380000    100.000000   1000.000000
     -0.360000    100.000000   1000.000000
     -0.340000    100.000000   1000.000000
     -0.320000    100.000000   1000.000000
     -0.300000    100.000000   1000.000000
     -0.280000    100.000000   1000.000000
     -0.260000    100.000000   1000.000000
     -0.240000    100.000000   1000.000000
     -0.220000    100.000000   1000.000000
     -0.200000    100.000000   1000.000000
     -0.180000    100.000000   1000.000000
     -0.160000    100.000000   1000.000000
     -0.140000    100.000000   1000.000000
     -0.120000    100.000000   1000.000000
     -0.100000    100.000000   1000.000000
     -0.080000    100.000000   1000.000000
     -0.060000    100.000000   1000.000000
     -0.040000    100.000000   1000.000000
     -0.020000    100.000000   1000.000000
      0.000000    100.000000   1000.000000
      0.067619    100.000000   1000.000000
      0.135238    100.000000   1000.000000
      0.202857    100.000000   1000.000000
      0.270476    100.000000   1000.000000
      0.338095    100.000000   1000.000000
      0.405714    100.000000   1000.000000
      0.473333    100.000000   1000.000000
      0.540952    100.000000   1000.000000
      0.608571    100.000000   1000.000000
      0.676190    100.000000   1000.000000
      0.743810    100.000000   1000.000000
      0.811429    100.000000   1000.000000
      0.879048    100.000000   1000.000000
      0.946667    100.000000   1000.000000
      1.014286    100.000000   1000.000000
      1.081905    100.000000   1000.000000
      1.149524    100.000000   1000.000000
      1.217143    100.000000   1000.000000
      1.284762    100.000000   1000.000000
      1.352381    100.000000   1000.000000
      1.420000    100.000000   1000.000000
      1.440000    100.000000   1000.000000
      1.460000    100.000000   1000.000000
      1.480000    100.000000   1000.000000
      1.500000    100.000000   1000.000000
      1.520000    100.000000   1000.000000
      1.540000    100.000000   1000.000000
   24
     -0.440000      0.397600   1000.000000
     -0.420000      0.397400   1000.000000
     -0.400000      0.397100   1000.000000
     -0.380000      0.396800   1000.000000
     -0.360000      0.396400   1000.000000
     -0.340000      0.396100   1000.000000
     -0.320000      0.395700   1000.000000
     -0.300000      0.395300   1000.000000
     -0.280000      0.394800   1000.000000
     -0.260000      0.394300   1000.000000
     -0.240000      0.393800   1000.000000
     -0.220000      0.393300   1000.000000
     -0.200000      0.392700   1000.000000
     -0.180000      0.392100   1000.000000
     -0.160000      0.391500   1000.000000
     -0.140000      0.390800   1000.000000
     -0.120000      0.390200   1000.000000
     -0.100000      0.389400   1000.000000
     -0.080000      0.388700   1000.000000
     -0.060000      0.387900   1000.000000
     -0.040000      0.387100   1000.000000
     -0.020000      0.386300   1000.000000
      0.000000      0.385500   1000.000000
      0.067619      0.384600   1000.000000
      0.135238      0.383700   1000.000000
      0.202857      0.382700   1000.000000
      0.270476      0.381800   1000.000000
      0.338095      0.380800   1000.000000
      0.405714      0.379800   1000.000000
      0.473333      0.378700   1000.000000
      0.540952      0.377600   1000.000000
      0.608571      0.376500   1000.000000
      0.676190      0.375400   1000.000000
      0.743810      0.374200   1000.000000
      0.811429      0.373000   1000.000000
      0.879048      0.371800   1000.000000
      0.946667      0.370500   1000.000000
      1.014286      0.369200   1000.000000
      1.081905      0.367900   1000.000000
      1.149524      0.366500   1000.000000
      1.217143      0.365100   1000.000000
      1.284762      0.363700   1000.000000
      1.352381      0.362300   1000.000000
      1.420000      0.360800   1000.000000
      1.440000      0.359300   1000.000000
      1.460000      0.357800   1000.000000
      1.480000      0.356200   1000.000000
      1.500000      0.354600   1000.000000
      1.520000      0.352900   1000.000000
      1.540000      0.351300   1000.000000
   25
     -0.440000      0.348700   1000.000000
     -0.420000      0.350600   1000.000000
     -0.400000      0.352400   1000.000000
     -0.380000      0.354200   1000.000000
     -0.360000      0.355900   1000.000000
     -0.340000      0.357600   1000.000000
     -0.320000      0.359200   1000.000000
     -0.300000      0.360800   1000.000000
     -0.280000      0.362300   1000.000000
     -0.260000      0.363800   1000.000000
     -0.240000      0.365200   1000.000000
     -0.220000      0.366500   1000.000000
     -0.200000      0.367900   1000.000000
     -0.180000      0.369100   1000.000000
     -0.160000      0.370300   1000.000000
     -0.140000      0.371500   1000.000000
     -0.120000      0.372600   1000.000000
     -0.100000      0.373700   1000.000000
     -0.080000      0.374700   1000.000000
     -0.060000      0.375700   1000.000000
     -0.040000      0.376700   1000.000000
     -0.020000      0.377600   1000.000000
      0.000000      0.378400   1000.000000
      0.067619      0.379200   1000.000000
      0.135238      0.380000   1000.000000
      0.202857      0.380800   1000.000000
      0.270476      0.381500   1000.000000
      0.338095      0.382100   1000.000000
      0.405714      0.382700   1000.000000
      0.473333      0.383300   1000.000000
      0.540952      0.383900   1000.000000
      0.608571      0.384400   1000.000000
      0.676190      0.384900   1000.000000
      0.743810      0.385300   1000.000000
      0.811429      0.385700   1000.000000
      0.879048      0.386000   1000.000000
      0.946667      0.386400   1000.000000
      1.014286      0.386700   1000.000000
      1.081905      0.386900   1000.000000
      1.149524      0.387100   1000.000000
      1.217143      0.387300   1000.000000
      1.284762      0.387500   1000.000000
      1.352381      0.387600   1000.000000
      1.420000      0.387700   1000.000000
      1.440000      0.387700   1000.000000
      1.460000      0.387700   1000.000000
      1.480000      0.387700   1000.000000
      1.500000      0.387700   1000.000000
      1.520000      0.387600   1000.000000
      1.540000      0.387500   1000.000000
   26
     -0.440000    100.000000   1000.000000
     -0.420000    100.000000   1000.000000
     -0.400000    100.000000   1000.000000
     -0.380000    100.000000   1000.000000
     -0.360000    100.000000   1000.000000
     -0.340000    100.000000   1000.000000
     -0.320000    100.000000   1000.000000
     -0.300000    100.000000   1000.000000
     -0.280000    100.000000   1000.000000
     -0.260000    100.000000   1000.000000
     -0.240000    100.000000   1000.000000
     -0.220000    100.000000   1000.000000
     -0.200000    100.000000   1000.000000
     -0.180000    100.000000   1000.000000
     -0.160000    100.000000   1000.000000
     -0.140000    100.000000   1000.000000
     -0.120000    100.000000   1000.000000
     -0.100000    100.000000   1000.000000
     -0.080000    100.000000   1000.000000
     -0.060000    100.000000   1000.000000
     -0.040000    100.000000   1000.000000
     -0.020000    100.000000   1000.000000
      0.000000    100.000000   1000.000000
      0.067619    100.000000   1000.000000
      0.135238    100.000000   1000.000000
      0.202857    100.000000   1000.000000
      0.270476    100.000000   1000.000000
      0.338095    100.000000   1000.000000
      0.405714    100.000000   1000.000000
      0.473333    100.000000   1000.000000
      0.540952    100.000000   1000.000000
      0.608571    100.000000   1000.000000
      0.676190    100.000000   1000.000000
      0.743810    100.000000   1000.000000
      0.811429    100.000000   1000.000000
      0.879048    100.000000   1000.000000
      0.946667    100.000000   1000.000000
      1.014286    100.000000   1000.000000
      1.081905    100.000000   1000.000000
      1.149524    100.000000   1000.000000
      1.217143    100.000000   1000.000000
      1.284762    100.000000   1000.000000
      1.352381    100.000000   1000.000000
      1.420000    100.000000   1000.000000
      1.440000    100.000000   1000.000000
      1.460000    100.000000   1000.000000
      1.480000    100.000000   1000.000000
      1.500000    100.000000   1000.000000
      1.520000    100.000000   1000.000000
      1.540000    100.000000   1000.000000
   27
     -0.440000      0.391400   1000.000000
     -0.420000      0.391900   1000.000000
     -0.400000      0.392300   1000.000000
     -0.380000      0.392700   1000.000000
     -0.360000      0.393100   1000.000000
     -0.340000      0.393500   1000.000000
     -0.320000      0.393800   1000.000000
     -0.300000      0.394100   1000.000000
     -0.280000      0.394400   1000.000000
     -0.260000      0.394600   1000.000000
     -0.240000      0.394800   1000.000000
     -0.220000      0.394900   1000.000000
     -0.200000      0.395100   1000.000000
     -0.180000      0.395200   1000.000000
     -0.160000      0.395200   1000.000000
     -0.140000      0.395300   1000.000000
     -0.120000      0.395300   1000.000000
     -0.100000      0.395200   1000.000000
     -0.080000      0.395200   1000.000000
     -0.060000      0.395100   1000.000000
     -0.040000      0.394900   1000.000000
     -0.020000      0.394800   1000.000000
      0.000000      0.394600   1000.000000
      0.067619      0.394400   1000.000000
      0.135238      0.394100   1000.000000
      0.202857      0.393800   1000.000000
      0.270476      0.393500   1000.000000
      0.338095      0.393200   1000.000000
      0.405714      0.392800   1000.000000
      0.473333      0.392400   1000.000000
      0.540952      0.392000   1000.000000
      0.608571      0.391600   1000.000000
      0.676190      0.391100   1000.000000
      0.743810      0.390600   1000.000000
      0.811429      0.390000   1000.000000
      0.879048      0.389400   1000.000000
      0.946667      0.388800   1000.000000
      1.014286      0.388200   1000.000000
      1.081905      0.387600   1000.000000
      1.149524      0.386900   1000.000000
      1.217143      0.386100   1000.000000
      1.284762      0.385400   1000.000000
      1.352381      0.384600   1000.000000
      1.420000      0.383800   1000.000000
      1.440000      0.383000   1000.000000
      1.460000      0.382100   1000.000000
      1.480000      0.381200   1000.000000
      1.500000      0.380300   1000.000000
      1.520000      0.379300   1000.000000
      1.540000      0.378400   1000.000000
